5.144943043432756440e+02
2.537677647285805449e+02
4.589456191011496458e+02
3.179660729799554701e+02
4.074684278151339640e+02
3.222295051492909010e+02
3.787065087398850096e+02
3.262922787145822099e+02
8.120081827734952640e+02
8.321640018929172129e+02
5.574777483154398396e+02
4.850666232959467266e+02
6.219561053804497988e+02
7.859406921417132708e+02
4.992293362716494585e+02
4.762438298339156404e+02
2.698088374675519390e+02
2.506713034540058800e+02
3.777447844354302333e+02
6.522047217752078723e+02
4.267505179683748793e+02
2.471900216632478475e+02
2.956440182945146944e+02
5.752492512799120732e+02
4.572762192227510241e+02
2.559546117361234963e+02
2.458170776275078708e+02
6.513949526592562052e+02
4.987349138849471046e+02
3.764074503426547267e+02
7.332348069842053064e+02
7.631924605057254212e+02
4.309861137926276342e+02
2.308945898733860815e+02
4.228738344823189550e+02
6.976497438797190398e+02
7.933276545418322030e+02
4.240574265116441097e+02
7.475377812011531660e+02
7.340801314859603508e+02
1.276032517398556081e+02
8.305682361117436585e+02
5.134081335528386489e+02
5.723474653150105951e+02
8.231678498768601457e+02
2.632906456429439572e+02
7.906725853160776296e+02
3.690044017760863539e+02
4.773146805072478287e+02
2.797661250401368989e+02
5.715731805292554100e+02
1.306059500731616367e+02
7.429231566068665416e+02
3.254005049420640034e+02
6.226049088684629851e+02
1.860466566024871327e+02
3.480998448499709639e+02
8.228910693066542308e+02
4.491506545486384425e+02
4.542059954005817985e+02
2.874183307129812874e+02
4.270234492477543427e+02
7.659773450052975932e+02
4.362358582593440701e+02
7.324774637316352255e+02
5.885014164167475883e+02
7.523937680441547400e+02
1.852354864514265387e+02
5.558445320005313306e+02
4.252658407502656246e+02
4.238648981332088965e+02
7.762869296374931309e+02
2.968568371682098359e+02
6.525944556061932644e+02
5.462632907022016298e+02
5.094826542829196114e+02
6.845566459913105746e+02
6.538405040511769357e+02
2.138950866721652346e+02
7.462707892574873085e+02
5.024663652542087107e+02
1.028325681992710088e+02
5.419505065851558356e+02
6.676753536859775977e+02
5.900082561465089839e+02
2.730491507335968322e+02
3.329092675914694155e+02
8.118733707131187884e+02
1.625860980487173890e+02
6.694594403103852756e+02
